12042703.npy,38,44,126,130,87,89,cyst
12042703.npy,49,55,122,130,81,84,cyst
12042703.npy,39,46,132,139,74,77,cyst
12042703.npy,32,38,149,154,63,65,cyst
12042703.npy,32,38,155,160,57,60,cyst
12042703.npy,31,38,156,162,51,54,cyst
12042703_r15.npy,77,87,251,261,87,89,cyst
12042703_r15.npy,98,110,244,260,81,84,cyst
12042703_r15.npy,78,92,264,278,74,77,cyst
12042703_r15.npy,65,75,298,307,63,65,cyst
12042703_r15.npy,64,77,310,321,57,60,cyst
12042703_r15.npy,62,75,312,325,51,54,cyst
12042703_r30.npy,77,87,251,261,87,89,cyst
12042703_r30.npy,98,110,244,260,81,84,cyst
12042703_r30.npy,78,92,264,278,74,77,cyst
12042703_r30.npy,65,75,298,307,63,65,cyst
12042703_r30.npy,64,77,310,321,57,60,cyst
12042703_r30.npy,62,75,312,325,51,54,cyst
12042703_r345.npy,77,87,251,261,87,89,cyst
12042703_r345.npy,98,110,244,260,81,84,cyst
12042703_r345.npy,78,92,264,278,74,77,cyst
12042703_r345.npy,65,75,298,307,63,65,cyst
12042703_r345.npy,64,77,310,321,57,60,cyst
12042703_r345.npy,62,75,312,325,51,54,cyst
12042703_r330.npy,77,87,251,261,87,89,cyst
12042703_r330.npy,98,110,244,260,81,84,cyst
12042703_r330.npy,78,92,264,278,74,77,cyst
12042703_r330.npy,65,75,298,307,63,65,cyst
12042703_r330.npy,64,77,310,321,57,60,cyst
12042703_r330.npy,62,75,312,325,51,54,cyst
12042703_sx5.npy,89,100,251,261,87,89,cyst
12042703_sx5.npy,113,126,244,260,81,84,cyst
12042703_sx5.npy,90,106,264,278,74,77,cyst
12042703_sx5.npy,75,86,298,307,63,65,cyst
12042703_sx5.npy,74,89,310,321,57,60,cyst
12042703_sx5.npy,71,86,312,325,51,54,cyst
12042703_sy5.npy,77,87,289,300,87,89,cyst
12042703_sy5.npy,98,110,281,299,81,84,cyst
12042703_sy5.npy,78,92,304,320,74,77,cyst
12042703_sy5.npy,65,75,343,353,63,65,cyst
12042703_sy5.npy,64,77,356,369,57,60,cyst
12042703_sy5.npy,62,75,359,374,51,54,cyst
12042703_sz5.npy,77,87,251,261,100,102,cyst
12042703_sz5.npy,98,110,244,260,93,97,cyst
12042703_sz5.npy,78,92,264,278,85,89,cyst
12042703_sz5.npy,65,75,298,307,72,75,cyst
12042703_sz5.npy,64,77,310,321,66,69,cyst
12042703_sz5.npy,62,75,312,325,59,62,cyst
12042703_sx3.npy,100,113,251,261,87,89,cyst
12042703_sx3.npy,127,143,244,260,81,84,cyst
12042703_sx3.npy,101,120,264,278,74,77,cyst
12042703_sx3.npy,84,98,298,307,63,65,cyst
12042703_sx3.npy,83,100,310,321,57,60,cyst
12042703_sx3.npy,81,98,312,325,51,54,cyst
12042703_sy3.npy,77,87,326,339,87,89,cyst
12042703_sy3.npy,98,110,317,338,81,84,cyst
12042703_sy3.npy,78,92,343,361,74,77,cyst
12042703_sy3.npy,65,75,387,399,63,65,cyst
12042703_sy3.npy,64,77,403,417,57,60,cyst
12042703_sy3.npy,62,75,406,422,51,54,cyst
12042703_sz3.npy,77,87,251,261,113,116,cyst
12042703_sz3.npy,98,110,244,260,105,109,cyst
12042703_sz3.npy,78,92,264,278,96,100,cyst
12042703_sz3.npy,65,75,298,307,82,84,cyst
12042703_sz3.npy,64,77,310,321,74,78,cyst
12042703_sz3.npy,62,75,312,325,66,70,cyst
12082222.npy,48,52,31,36,68,71,cyst
12082222.npy,44,47,20,24,63,66,cyst
12082222_r15.npy,96,105,62,72,68,71,cyst
12082222_r15.npy,88,94,40,48,63,66,cyst
12082222_r30.npy,96,105,62,72,68,71,cyst
12082222_r30.npy,88,94,40,48,63,66,cyst
12082222_r345.npy,96,105,62,72,68,71,cyst
12082222_r345.npy,88,94,40,48,63,66,cyst
12082222_r330.npy,96,105,62,72,68,71,cyst
12082222_r330.npy,88,94,40,48,63,66,cyst
12082222_sx5.npy,110,121,62,72,68,71,cyst
12082222_sx5.npy,101,108,40,48,63,66,cyst
12082222_sy5.npy,96,105,71,83,68,71,cyst
12082222_sy5.npy,88,94,46,55,63,66,cyst
12082222_sz5.npy,96,105,62,72,78,82,cyst
12082222_sz5.npy,88,94,40,48,72,76,cyst
12082222_sx3.npy,125,136,62,72,68,71,cyst
12082222_sx3.npy,114,122,40,48,63,66,cyst
12082222_sy3.npy,96,105,81,94,68,71,cyst
12082222_sy3.npy,88,94,52,62,63,66,cyst
12082222_sz3.npy,96,105,62,72,88,92,cyst
12082222_sz3.npy,88,94,40,48,82,86,cyst
12229245.npy,51,55,58,66,57,59,cyst
12229245_r15.npy,102,110,117,131,57,59,cyst
12229245_r30.npy,102,110,117,131,57,59,cyst
12229245_r345.npy,102,110,117,131,57,59,cyst
12229245_r330.npy,102,110,117,131,57,59,cyst
12229245_sx5.npy,117,126,117,131,57,59,cyst
12229245_sy5.npy,102,110,135,151,57,59,cyst
12229245_sz5.npy,102,110,117,131,66,68,cyst
12229245_sx3.npy,133,143,117,131,57,59,cyst
12229245_sy3.npy,102,110,152,170,57,59,cyst
12229245_sz3.npy,102,110,117,131,74,77,cyst
12239513.npy,36,42,60,66,53,56,cyst
12239513_r15.npy,72,83,121,132,53,56,cyst
12239513_r30.npy,72,83,121,132,53,56,cyst
12239513_r345.npy,72,83,121,132,53,56,cyst
12239513_r330.npy,72,83,121,132,53,56,cyst
12239513_sx5.npy,83,95,121,132,53,56,cyst
12239513_sy5.npy,72,83,139,152,53,56,cyst
12239513_sz5.npy,72,83,121,132,61,64,cyst
12239513_sx3.npy,94,108,121,132,53,56,cyst
12239513_sy3.npy,72,83,157,172,53,56,cyst
12239513_sz3.npy,72,83,121,132,69,73,cyst
12296182.npy,54,60,64,70,47,50,cyst
12296182_r15.npy,107,120,129,140,47,50,cyst
12296182_r30.npy,107,120,129,140,47,50,cyst
12296182_r345.npy,107,120,129,140,47,50,cyst
12296182_r330.npy,107,120,129,140,47,50,cyst
12296182_sx5.npy,123,138,129,140,47,50,cyst
12296182_sy5.npy,107,120,148,161,47,50,cyst
12296182_sz5.npy,107,120,129,140,54,57,cyst
12296182_sx3.npy,139,156,129,140,47,50,cyst
12296182_sy3.npy,107,120,168,182,47,50,cyst
12296182_sz3.npy,107,120,129,140,61,65,cyst
12302576.npy,73,79,100,106,72,72,cyst
12302576.npy,54,60,102,109,76,76,cyst
12302576.npy,32,40,67,78,67,68,cyst
12302576_r15.npy,146,158,201,213,72,72,cyst
12302576_r15.npy,108,121,205,218,76,76,cyst
12302576_r15.npy,65,80,134,155,67,68,cyst
12302576_r30.npy,146,158,201,213,72,72,cyst
12302576_r30.npy,108,121,205,218,76,76,cyst
12302576_r30.npy,65,80,134,155,67,68,cyst
12302576_r345.npy,146,158,201,213,72,72,cyst
12302576_r345.npy,108,121,205,218,76,76,cyst
12302576_r345.npy,65,80,134,155,67,68,cyst
12302576_r330.npy,146,158,201,213,72,72,cyst
12302576_r330.npy,108,121,205,218,76,76,cyst
12302576_r330.npy,65,80,134,155,67,68,cyst
12302576_sx5.npy,168,182,201,213,72,72,cyst
12302576_sx5.npy,124,139,205,218,76,76,cyst
12302576_sx5.npy,75,92,134,155,67,68,cyst
12302576_sy5.npy,146,158,231,245,72,72,cyst
12302576_sy5.npy,108,121,236,251,76,76,cyst
12302576_sy5.npy,65,80,154,178,67,68,cyst
12302576_sz5.npy,146,158,201,213,83,83,cyst
12302576_sz5.npy,108,121,205,218,87,87,cyst
12302576_sz5.npy,65,80,134,155,77,78,cyst
12302576_sx3.npy,190,205,201,213,72,72,cyst
12302576_sx3.npy,140,157,205,218,76,76,cyst
12302576_sx3.npy,84,104,134,155,67,68,cyst
12302576_sy3.npy,146,158,261,277,72,72,cyst
12302576_sy3.npy,108,121,266,283,76,76,cyst
12302576_sy3.npy,65,80,174,202,67,68,cyst
12302576_sz3.npy,146,158,201,213,94,94,cyst
12302576_sz3.npy,108,121,205,218,99,99,cyst
12302576_sz3.npy,65,80,134,155,87,88,cyst
12314736.npy,33,38,38,44,68,71,cyst
12314736_r15.npy,66,76,77,87,68,71,cyst
12314736_r30.npy,66,76,77,87,68,71,cyst
12314736_r345.npy,66,76,77,87,68,71,cyst
12314736_r330.npy,66,76,77,87,68,71,cyst
12314736_sx5.npy,76,87,77,87,68,71,cyst
12314736_sy5.npy,66,76,89,100,68,71,cyst
12314736_sz5.npy,66,76,77,87,78,82,cyst
12314736_sx3.npy,86,99,77,87,68,71,cyst
12314736_sy3.npy,66,76,100,113,68,71,cyst
12314736_sz3.npy,66,76,77,87,88,92,cyst
12905568.npy,80,94,130,148,55,61,hcc
12905568_r15.npy,159,187,260,297,55,61,hcc
12905568_r30.npy,159,187,260,297,55,61,hcc
12905568_r345.npy,159,187,260,297,55,61,hcc
12905568_r330.npy,159,187,260,297,55,61,hcc
12905568_sx5.npy,183,215,260,297,55,61,hcc
12905568_sy5.npy,159,187,299,342,55,61,hcc
12905568_sz5.npy,159,187,260,297,63,70,hcc
12905568_sx3.npy,207,243,260,297,55,61,hcc
12905568_sy3.npy,159,187,338,386,55,61,hcc
12905568_sz3.npy,159,187,260,297,72,79,hcc
12972894.npy,36,43,51,59,24,33,hcc
12972894_r15.npy,71,86,102,118,24,33,hcc
12972894_r30.npy,71,86,102,118,24,33,hcc
12972894_r345.npy,71,86,102,118,24,33,hcc
12972894_r330.npy,71,86,102,118,24,33,hcc
12972894_sx5.npy,82,99,102,118,24,33,hcc
12972894_sy5.npy,71,86,117,136,24,33,hcc
12972894_sz5.npy,71,86,102,118,28,38,hcc
12972894_sx3.npy,92,112,102,118,24,33,hcc
12972894_sy3.npy,71,86,133,153,24,33,hcc
12972894_sz3.npy,71,86,102,118,31,43,hcc
13010227.npy,36,45,57,66,37,44,hcc
13010227_r15.npy,73,90,114,131,37,44,hcc
13010227_r30.npy,73,90,114,131,37,44,hcc
13010227_r345.npy,73,90,114,131,37,44,hcc
13010227_r330.npy,73,90,114,131,37,44,hcc
13010227_sx5.npy,84,103,114,131,37,44,hcc
13010227_sy5.npy,73,90,131,151,37,44,hcc
13010227_sz5.npy,73,90,114,131,43,51,hcc
13010227_sx3.npy,95,117,114,131,37,44,hcc
13010227_sy3.npy,73,90,148,170,37,44,hcc
13010227_sz3.npy,73,90,114,131,48,57,hcc
13028374.npy,16,20,149,153,71,73,cyst
13028374.npy,18,22,135,140,61,65,cyst
13028374.npy,34,43,165,175,54,59,cyst
13028374_r15.npy,31,39,298,306,71,73,cyst
13028374_r15.npy,35,44,270,280,61,65,cyst
13028374_r15.npy,67,86,330,350,54,59,cyst
13028374_r30.npy,31,39,298,306,71,73,cyst
13028374_r30.npy,35,44,270,280,61,65,cyst
13028374_r30.npy,67,86,330,350,54,59,cyst
13028374_r345.npy,31,39,298,306,71,73,cyst
13028374_r345.npy,35,44,270,280,61,65,cyst
13028374_r345.npy,67,86,330,350,54,59,cyst
13028374_r330.npy,31,39,298,306,71,73,cyst
13028374_r330.npy,35,44,270,280,61,65,cyst
13028374_r330.npy,67,86,330,350,54,59,cyst
13028374_sx5.npy,36,45,298,306,71,73,cyst
13028374_sx5.npy,40,51,270,280,61,65,cyst
13028374_sx5.npy,77,99,330,350,54,59,cyst
13028374_sy5.npy,31,39,343,352,71,73,cyst
13028374_sy5.npy,35,44,310,322,61,65,cyst
13028374_sy5.npy,67,86,379,402,54,59,cyst
13028374_sz5.npy,31,39,298,306,82,84,cyst
13028374_sz5.npy,35,44,270,280,70,75,cyst
13028374_sz5.npy,67,86,330,350,62,68,cyst
13028374_sx3.npy,40,51,298,306,71,73,cyst
13028374_sx3.npy,46,57,270,280,61,65,cyst
13028374_sx3.npy,87,112,330,350,54,59,cyst
13028374_sy3.npy,31,39,387,398,71,73,cyst
13028374_sy3.npy,35,44,351,364,61,65,cyst
13028374_sy3.npy,67,86,429,455,54,59,cyst
13028374_sz3.npy,31,39,298,306,92,95,cyst
13028374_sz3.npy,35,44,270,280,79,84,cyst
13028374_sz3.npy,67,86,330,350,70,77,cyst
13064153.npy,40,44,64,70,35,42,hcc
13064153.npy,73,78,66,72,38,44,hcc
13064153.npy,46,51,54,62,47,53,hcc
13064153_r15.npy,80,89,129,141,35,42,hcc
13064153_r15.npy,146,155,131,143,38,44,hcc
13064153_r15.npy,92,102,108,124,47,53,hcc
13064153_r30.npy,80,89,129,141,35,42,hcc
13064153_r30.npy,146,155,131,143,38,44,hcc
13064153_r30.npy,92,102,108,124,47,53,hcc
13064153_r345.npy,80,89,129,141,35,42,hcc
13064153_r345.npy,146,155,131,143,38,44,hcc
13064153_r345.npy,92,102,108,124,47,53,hcc
13064153_r330.npy,80,89,129,141,35,42,hcc
13064153_r330.npy,146,155,131,143,38,44,hcc
13064153_r330.npy,92,102,108,124,47,53,hcc
13064153_sx5.npy,92,102,129,141,35,42,hcc
13064153_sx5.npy,168,178,131,143,38,44,hcc
13064153_sx5.npy,106,117,108,124,47,53,hcc
13064153_sy5.npy,80,89,148,162,35,42,hcc
13064153_sy5.npy,146,155,151,164,38,44,hcc
13064153_sy5.npy,92,102,124,143,47,53,hcc
13064153_sz5.npy,80,89,129,141,40,48,hcc
13064153_sz5.npy,146,155,131,143,44,51,hcc
13064153_sz5.npy,92,102,108,124,54,61,hcc
13064153_sx3.npy,104,116,129,141,35,42,hcc
13064153_sx3.npy,190,202,131,143,38,44,hcc
13064153_sx3.npy,120,133,108,124,47,53,hcc
13064153_sy3.npy,80,89,168,183,35,42,hcc
13064153_sy3.npy,146,155,170,186,38,44,hcc
13064153_sy3.npy,92,102,140,161,47,53,hcc
13064153_sz3.npy,80,89,129,141,46,55,hcc
13064153_sz3.npy,146,155,131,143,49,57,hcc
13064153_sz3.npy,92,102,108,124,61,69,hcc
E100314676.npy,34,38,41,48,50,54,cyst
E100314676_r15.npy,68,76,82,96,50,54,cyst
E100314676_r30.npy,68,76,82,96,50,54,cyst
E100314676_r345.npy,68,76,82,96,50,54,cyst
E100314676_r330.npy,68,76,82,96,50,54,cyst
E100314676_sx5.npy,78,87,82,96,50,54,cyst
E100314676_sy5.npy,68,76,94,110,50,54,cyst
E100314676_sz5.npy,68,76,82,96,57,62,cyst
E100314676_sx3.npy,88,99,82,96,50,54,cyst
E100314676_sy3.npy,68,76,107,125,50,54,cyst
E100314676_sz3.npy,68,76,82,96,65,70,cyst
E100529980.npy,43,51,158,168,52,57,cyst
E100529980.npy,46,50,152,156,62,63,cyst
E100529980_r15.npy,86,102,317,336,52,57,cyst
E100529980_r15.npy,91,99,305,313,62,63,cyst
E100529980_r30.npy,86,102,317,336,52,57,cyst
E100529980_r30.npy,91,99,305,313,62,63,cyst
E100529980_r345.npy,86,102,317,336,52,57,cyst
E100529980_r345.npy,91,99,305,313,62,63,cyst
E100529980_r330.npy,86,102,317,336,52,57,cyst
E100529980_r330.npy,91,99,305,313,62,63,cyst
E100529980_sx5.npy,99,117,317,336,52,57,cyst
E100529980_sx5.npy,105,114,305,313,62,63,cyst
E100529980_sy5.npy,86,102,365,386,52,57,cyst
E100529980_sy5.npy,91,99,351,360,62,63,cyst
E100529980_sz5.npy,86,102,317,336,60,66,cyst
E100529980_sz5.npy,91,99,305,313,71,72,cyst
E100529980_sx3.npy,112,133,317,336,52,57,cyst
E100529980_sx3.npy,118,129,305,313,62,63,cyst
E100529980_sy3.npy,86,102,412,437,52,57,cyst
E100529980_sy3.npy,91,99,396,407,62,63,cyst
E100529980_sz3.npy,86,102,317,336,68,74,cyst
E100529980_sz3.npy,91,99,305,313,81,82,cyst
E100610622.npy,72,78,84,90,54,55,cyst
E100610622_r15.npy,144,157,169,180,54,55,cyst
E100610622_r30.npy,144,157,169,180,54,55,cyst
E100610622_r345.npy,144,157,169,180,54,55,cyst
E100610622_r330.npy,144,157,169,180,54,55,cyst
E100610622_sx5.npy,166,181,169,180,54,55,cyst
E100610622_sy5.npy,144,157,194,207,54,55,cyst
E100610622_sz5.npy,144,157,169,180,62,63,cyst
E100610622_sx3.npy,187,204,169,180,54,55,cyst
E100610622_sy3.npy,144,157,220,234,54,55,cyst
E100610622_sz3.npy,144,157,169,180,70,72,cyst
E101047106.npy,46,50,50,54,50,53,hcc
E101047106_r15.npy,92,101,100,107,50,53,hcc
E101047106_r30.npy,92,101,100,107,50,53,hcc
E101047106_r345.npy,92,101,100,107,50,53,hcc
E101047106_r330.npy,92,101,100,107,50,53,hcc
E101047106_sx5.npy,106,116,100,107,50,53,hcc
E101047106_sy5.npy,92,101,115,123,50,53,hcc
E101047106_sz5.npy,92,101,100,107,57,61,hcc
E101047106_sx3.npy,120,131,100,107,50,53,hcc
E101047106_sy3.npy,92,101,130,139,50,53,hcc
E101047106_sz3.npy,92,101,100,107,65,69,hcc
E103599300.npy,28,36,48,72,46,53,hcc
E103599300_r15.npy,57,71,96,145,46,53,hcc
E103599300_r30.npy,57,71,96,145,46,53,hcc
E103599300_r345.npy,57,71,96,145,46,53,hcc
E103599300_r330.npy,57,71,96,145,46,53,hcc
E103599300_sx5.npy,66,82,96,145,46,53,hcc
E103599300_sy5.npy,57,71,110,167,46,53,hcc
E103599300_sz5.npy,57,71,96,145,53,61,hcc
E103599300_sx3.npy,74,92,96,145,46,53,hcc
E103599300_sy3.npy,57,71,125,188,46,53,hcc
E103599300_sz3.npy,57,71,96,145,60,69,hcc
E104657225.npy,17,24,50,58,18,25,hcc
E104657225_r15.npy,34,47,101,115,18,25,hcc
E104657225_r30.npy,34,47,101,115,18,25,hcc
E104657225_r345.npy,34,47,101,115,18,25,hcc
E104657225_r330.npy,34,47,101,115,18,25,hcc
E104657225_sx5.npy,39,54,101,115,18,25,hcc
E104657225_sy5.npy,34,47,116,132,18,25,hcc
E104657225_sz5.npy,34,47,101,115,21,29,hcc
E104657225_sx3.npy,44,61,101,115,18,25,hcc
E104657225_sy3.npy,34,47,131,150,18,25,hcc
E104657225_sz3.npy,34,47,101,115,23,32,hcc
E105152534.npy,36,40,55,58,61,66,hcc
E105152534_r15.npy,72,79,110,117,61,66,hcc
E105152534_r30.npy,72,79,110,117,61,66,hcc
E105152534_r345.npy,72,79,110,117,61,66,hcc
E105152534_r330.npy,72,79,110,117,61,66,hcc
E105152534_sx5.npy,83,91,110,117,61,66,hcc
E105152534_sy5.npy,72,79,126,135,61,66,hcc
E105152534_sz5.npy,72,79,110,117,70,76,hcc
E105152534_sx3.npy,94,103,110,117,61,66,hcc
E105152534_sy3.npy,72,79,143,152,61,66,hcc
E105152534_sz3.npy,72,79,110,117,79,86,hcc
